#Name: cid,gid,kappa,rscale, gx,gy, redshift,sig,ell,ell_pa
#Col_no: 1   2     3    4    5  6    7        8    9   10
948 176337 0.220831 165.160601 0.0 0.0 0.6964 288.840723 0.231866 -45.33
948 175461 0.220831 165.160601 -37.219355 6.367742 0.7093 93.7454 0.173026 39.64
716 185728 0.144778 264.227769 0.0 0.0 0.3455 293.408921 0.187362 48.18
716 183459 0.144778 264.227769 51.387097 -71.303226 0.3358 166.529554 0.385614 -81.25
716 184282 0.144778 264.227769 10.335484 38.574194 0.3435 60.544889 0.359569 -29.21
936 50881 0.130141 100.017078 0.0 0.0 0.4528 345.428033 0.030877 -26.84
936 47923 0.130141 100.017078 74.709677 -68.090323 0.4604 83.042878 0.06464 24.45
936 48950 0.130141 100.017078 33.967742 22.8 0.4626 77.060599 0.086845 -52.75
870 29380 0.105858 96.748748 0.0 0.0 0.3643 260.23909 0.140851 -55.52
870 27670 0.105858 96.748748 -12.406452 -17.477419 0.352 112.952931 0.171394 42.46
870 26701 0.105858 96.748748 -132.6 -95.264516 0.3524 104.836107 0.05162 -35.36
870 28233 0.105858 96.748748 45.774194 3.387097 0.3671 101.775666 0.498152 -73.41
2065 176991 0.174446 230.032113 0.0 0.0 0.4489 262.089488 0.325412 -16.32
2065 176046 0.174446 230.032113 3.077419 60.677419 0.4459 122.969102 0.047087 5.94
1119 170916 0.170274 176.082356 0.0 0.0 0.486 314.304354 0.03717 17.75
1119 170357 0.170274 176.082356 -99.387097 61.412903 0.4892 194.568218 0.515797 86.91
1119 169517 0.170274 176.082356 -14.922581 0.503226 0.4954 167.407403 0.143824 85.78
1119 171890 0.170274 176.082356 -33.56129 132.890323 0.4878 140.407072 0.090637 9.15
1119 170335 0.170274 176.082356 -13.509677 65.845161 0.4932 118.588188 0.222502 -39.37
1119 169420 0.170274 176.082356 72.987097 5.032258 0.4867 96.154575 0.372937 56.78
1544 162021 0.126078 150.035521 0.0 0.0 0.3678 290.908753 0.26145 65.58
1544 159205 0.126078 150.035521 -64.567742 -113.070968 0.3561 50.285017 0.150278 -7.89
1584 42410 0.155066 141.531455 0.0 0.0 0.4772 254.832816 0.290198 7.49
1584 42677 0.155066 141.531455 62.341935 82.664516 0.4704 252.917332 0.388247 6.43
1584 40431 0.155066 141.531455 55.703226 -47.43871 0.4681 155.747165 0.083546 5.6
1584 39415 0.155066 141.531455 -8.574194 -121.896774 0.4863 156.942062 0.216835 -78.91
1584 40693 0.155066 141.531455 108.522581 -20.980645 0.488 146.005246 0.129708 -0.16
1584 41967 0.155066 141.531455 -93.251613 115.374194 0.4682 74.675616 0.055636 12.15
2986 18789 0.084328 106.075422 0.0 0.0 0.2769 254.66798 0.395536 -68.15
2986 19191 0.084328 106.075422 -56.090323 211.625806 0.2693 77.180912 0.135446 -11.65
2986 17061 0.084328 106.075422 60.948387 27.580645 0.2678 76.280772 0.352801 -73.31
3288 149150 0.213034 168.350078 0.0 0.0 0.6575 303.087306 0.231345 -65.67
3288 147889 0.213034 168.350078 67.916129 -51.116129 0.6472 139.826482 0.253342 86.37
3666 59934 0.164821 71.580724 0.0 0.0 0.7233 346.413154 0.11671 47.66
3666 59264 0.164821 71.580724 49.896774 -13.064516 0.7188 116.2939 0.371477 -78.73
1777 107499 0.132142 131.48245 0.0 0.0 0.4091 284.451332 0.194482 -61.95
1777 107647 0.132142 131.48245 -129.870968 110.670968 0.4185 74.020794 0.107459 25.14
29 114474 0.13763 116.01569 0.0 0.0 0.4524 337.407095 0.087563 -20.54
29 112794 0.13763 116.01569 144.425806 -33.483871 0.4526 168.288602 0.13973 27.01
29 112451 0.13763 116.01569 -7.974194 -49.683871 0.4389 139.137011 0.223675 -5.96
29 113006 0.13763 116.01569 -50.787097 -13.780645 0.4483 135.649889 0.518664 -72.27
29 113537 0.13763 116.01569 72.077419 80.690323 0.4388 130.432203 0.164976 -67.66
29 111107 0.13763 116.01569 -62.303226 -133.916129 0.4497 105.522074 0.30605 11.51
1108 159926 0.120961 87.313868 0.0 0.0 0.4424 271.04168 0.272558 -58.57
1108 158329 0.120961 87.313868 -93.329032 -25.064516 0.4337 107.163717 0.05852 -48.25
