#   Name: gid,gra,gdec,gfld,indxno,zd,gu,gg,gr,gi,gz,ell,ell_pa,srcx,srcy,smu,smg,smr,smi,smz,zs_n,smag,imno,ell_s,ell_pa_s,reff_s
# Col_no: 1    2    3    4     5   6   7  8  9 10 11  12  13     14   15  16  17  18  19   20  21   22   23    24    25      26 

176337 330.267975 2.487696 220154+021500 169 0.696400 22.407000 21.571000 20.688000 19.861000 19.555000 0.231866 -45.330000 1.538788 -2.801119 24.881491 24.619491 24.617491 24.533491 24.274491 2.430091 7.556081 2 0.131649 115.888974 0.581910  
185728 134.910248 -3.102036 085749-031900 085 0.345500 21.661000 19.780000 18.252000 17.675000 17.371000 0.187362 48.180000 2.379044 -2.711395 25.612561 25.298561 25.313561 25.240561 25.052561 1.325831 34.155230 4 0.345469 46.811597 0.298357  
50881 134.708786 -2.662595 085749-022300 086 0.452800 20.931000 19.899000 18.586000 18.052000 17.838000 0.030877 -26.840000 -6.938399 -1.821289 23.593827 23.322827 23.406827 23.370827 23.027827 2.010402 1.474297 2 0.491544 148.496229 1.193367  
29380 133.443741 -2.763992 085400-022300 081 0.364300 22.182000 20.391000 18.805000 18.177000 17.924000 0.140851 -55.520000 0.144028 -3.214135 24.461502 24.084502 24.131502 23.928502 23.410502 1.238923 5.246653 2 0.438432 66.236468 0.611192  
176991 31.135878 -6.747914 020241-070000 005 0.448900 22.925000 20.977000 19.451000 18.722000 18.398000 0.325412 -16.320000 -0.726167 0.897965 24.449650 24.331650 24.331650 24.109650 23.838650 2.243580 35.441450 4 0.481493 171.567093 0.672029  
170916 31.431877 -8.663443 020631-085200 011 0.486000 22.701000 20.714000 19.121000 18.223000 17.937000 0.037170 17.750000 -1.132621 1.638452 25.114320 24.858320 25.025320 25.020320 24.670320 1.563452 9.042621 2 0.363017 128.809764 0.418800  
162021 30.393873 -7.724218 020241-075600 004 0.367800 20.694000 19.596000 18.485000 18.051000 17.836000 0.261450 65.580000 0.776737 -0.457587 25.628892 25.350892 25.342892 25.102892 24.640892 2.691520 20.613070 4 0.430972 19.232771 0.387201  
42410 31.225660 -8.248211 020631-075600 012 0.477200 23.624000 21.373000 19.742000 18.870000 18.554000 0.290198 7.490000 9.254306 1.207962 24.942925 25.006925 25.180925 24.792925 25.174925 2.168004 27.881380 4 0.357463 89.830653 0.437718  
18789 30.406221 -5.559859 020241-050800 007 0.276900 20.507000 19.134000 18.063000 17.499000 17.239000 0.395536 -68.150000 1.324913 -0.424276 24.043939 23.838939 23.903939 23.686939 23.660939 2.373994 16.777940 4 0.381751 106.933165 0.930783  
149150 35.865898 -4.979427 022150-050800 047 0.657500 22.046000 21.397000 20.313000 19.518000 19.218000 0.231345 -65.670000 1.594025 -1.251996 24.907866 24.539866 24.799866 24.622866 24.571866 1.948420 36.261840 4 0.370349 108.459926 0.557970  
59934 34.080650 -4.426566 021800-041200 040 0.723300 20.958000 20.603000 20.253000 19.843000 19.713000 0.116710 47.660000 1.063450 -0.074920 25.274616 25.028616 24.990616 24.731616 24.511616 1.980814 24.594870 4 0.572093 128.623305 0.416138  
107499 34.721096 -8.003378 021800-075600 036 0.409100 20.677000 19.779000 18.901000 18.369000 18.084000 0.194482 -61.950000 -1.085480 0.166720 24.535294 24.463294 24.517294 24.493294 24.709294 1.462689 54.791010 4 0.475062 176.452310 0.519143  
114474 132.645142 -5.202452 085011-051100 073 0.452400 21.821000 20.312000 18.650000 17.906000 17.605000 0.087563 -20.540000 1.279239 -2.872748 25.189496 24.770496 24.892496 25.311496 24.070496 1.951474 17.854380 4 0.559610 30.359985 0.484608  
159926 132.885666 -1.358329 085011-012700 077 0.442400 22.063000 20.742000 19.296000 18.649000 18.396000 0.272558 -58.570000 -1.943023 -0.666968 24.916116 24.844116 24.889116 25.180116 24.344116 3.825184 11.140520 4 0.480799 48.935662 0.609081  
