#  Name: gid,gra,gdec,gfld,indxno,zd,gu,gg,gr,gi,gz,ell,ell_pa,reinst,sh_str,sh_pa,srcx,srcy,smu,smg,smr,smi,smz,zs_n,smag,imno
#Col_no.: 1    2   3    4    5    6  7  8  9  10 11  12   13      14    15     16   17   18  19   20  21  22  23   24  25   26  

118632 332.209900 2.215783 220930+021500 161 0.461000 22.089000 21.013000 19.585000 19.038000 18.718000 0.097713 28.520000 7.240817 0.012610 39.228630 1.932989 -2.487382 23.969018 22.937018 22.994618 22.867618 22.681318 2.381459 1.039687 2   
16925 134.918228 -5.596501 085749-051100 083 0.605900 22.172000 21.667000 20.705000 20.138000 19.930000 0.123038 80.860000 6.863366 0.008906 144.032410 1.494635 0.916881 24.399431 23.630131 23.685931 23.675731 23.283131 5.661019 2.505398 2   
23926 135.323471 -5.564248 090137-051100 088 0.801200 21.800000 21.288000 20.606000 19.763000 19.544000 0.173964 0.400000 10.347086 0.017832 101.961415 -0.196989 -0.247658 25.001975 24.672675 24.849775 24.648175 23.892875 2.677420 14.478440 4   
33971 31.036192 -9.216700 020241-085200 003 0.528100 20.994000 20.463000 19.538000 19.138000 18.919000 0.131342 82.040000 9.911930 0.003515 42.392855 -1.847976 0.972767 25.119548 23.680848 23.360148 23.841448 25.917148 2.967336 2.581094 2   
9536 31.779163 -6.524485 020631-060400 014 0.603500 21.341000 20.826000 19.844000 19.278000 19.037000 0.129219 -49.770000 8.436097 0.017563 117.860898 0.240577 0.279907 25.913610 25.552510 25.689310 25.495510 25.534210 1.692518 10.822220 4   
159654 31.689661 -5.840462 020631-060400 014 0.672800 21.225000 20.800000 20.010000 19.422000 19.219000 0.143751 4.610000 9.440763 0.013816 155.796983 0.042726 0.452700 26.020598 25.470798 25.314498 25.431698 25.729798 1.858753 10.793000 4   
172718 31.256764 -5.780012 020631-060400 014 0.367800 22.568000 20.603000 19.023000 18.406000 18.137000 0.313602 79.430000 7.383839 0.009064 160.849067 0.226213 0.415732 28.078443 24.353943 24.083643 23.996843 23.612243 3.281354 4.479352 4   
124660 31.310162 -7.880954 020631-075600 012 0.800600 22.616000 22.079000 21.212000 20.146000 19.887000 0.212579 50.190000 6.823097 0.011360 132.453496 -0.211761 -0.333842 25.995263 25.137763 25.107463 24.910963 24.551263 2.445171 9.129801 4   
192949 31.350120 -4.710115 020631-050800 015 0.503300 21.543000 20.975000 20.069000 19.623000 19.497000 0.201637 -34.970000 6.503995 0.007720 3.605864 -0.317155 -0.001068 23.793687 23.539887 23.377787 23.691587 22.937887 2.784825 8.475985 4   
131067 33.642818 -6.071150 021410-060400 030 0.408200 21.637000 20.619000 19.490000 18.930000 18.609000 0.277053 2.780000 6.683167 0.013400 79.591878 0.319394 0.308562 25.800441 24.932541 25.320141 25.126941 25.152241 3.383769 7.303873 4   
123661 32.805809 -4.155090 021021-041200 024 0.498100 21.611000 20.962000 19.934000 19.477000 19.308000 0.401850 -79.660000 7.471957 0.009843 176.193707 1.428868 0.685961 27.483721 24.641821 24.324821 24.147221 23.908421 4.497718 11.598710 4   
150522 32.758217 -9.643640 021021-094800 018 0.441200 21.120000 20.228000 19.164000 18.650000 18.479000 0.216667 16.180000 9.632962 0.015276 64.065856 1.125151 0.421695 25.681002 25.122102 24.944102 25.067802 24.826802 4.373295 18.564050 4   
