006904
006905
006906
006907
006908
006909
006910
006911
006912
006913
006914
006915
006916
006917
006918
006919
006920
006921
006922
006923
006924
006925
006926
006927
006928
006929
006930
006931
006932
006933
006934
006935
006936
006937
006938
006939
006940
006941
006942
006943
006944
006945
006946
006947
006948
006949
006950
006951
006952
006953
006954
006955
006956
006957
006958
006959
006960
006961
006962
006963
006964
006965
006966
006967
006968
006969
006970
006971
006972
006973
006974
006975
006976
006977
006978
006979
006980
006981
006982
006983
006984
006985
006986
006987
006988
006989
006990
006991
006992
006993
006994
006995
006996
006997
006998
006999
007000
007001
007002
007003
007004
007005
007006
007007
007008
007009
007010
007011
007012
007013
007014
007015
007016
007017
007018
007019
007020
007021
007022
007023
007024
007025
